0,371
14,320
14,90
14,89
14,87
14,84
14,83
14,82
14,81
14,80
14,79
14,78
14,77
14,76
14,75
14,74
14,73
14,72
14,71
14,70
14,69
14,68
14,67
14,66
14,65
14,64
14,25
14,5
14,4
14,3
14,2
14,1
14,0
13,4
13,3
13,2
13,1
13,0
12,8
12,7
12,6
12,5
12,4
12,3
12,2
12,1
12,0
11,5
11,4
11,3
11,2
11,1
11,0
10,4
10,3
10,2
10,1
10,0
9,5
9,4
9,3
9,2
9,1
9,0
8,5
8,4
8,3
8,2
8,1
8,0
7,5
7,4
7,3
7,2
7,1
7,0
6,5
6,4
6,3
6,2
6,1
6,0
5,6
5,5
5,4
5,3
5,2
5,1
5,0
4,3
4,2
4,1
4,0
3,6
3,5
3,4
3,3
3,2
3,1
3,0
2,5
2,4
2,3
2,2
2,1
2,0
1,3
1,2
1,1
1,0
0,410
0,324
0,243
0,9
0,0
0,1
0,332
0,300
0,462
0,299
0,461
0,298
0,322
0,297
0,296
0,331
0,295
0,343
0,294
0,432
0,293
0,415
0,292
0,434
0,291
0,453
0,290
0,346
0,289
0,451
0,288
0,287
0,338
0,286
0,327
0,285
0,472
0,284
0,330
0,283
0,476
0,282
0,397
0,281
0,423
0,280
0,443
0,279
0,445
0,278
0,477
0,277
0,335
0,276
0,275
0,321
0,274
0,511
0,273
0,475
0,272
0,487
0,271
0,484
14,321
14,322
14,324
14,325
14,329
14,331
14,333
14,334
14,336
14,337
14,339
14,341
14,342
14,344
14,345
14,347
14,348
14,350
14,352
14,353
14,355
14,356
14,358
14,360
14,361
14,363
14,364
14,366
14,367
14,369
14,371
14,372
14,374
14,375
14,377
14,379
14,380
14,382
14,383
15,1
15,2
15,4
15,6
15,7
15,10
16,0
16,2
16,4
16,5
16,7
16,8
16,10
17,1
17,2
17,4
18,0
18,2
18,3
19,1
19,3
20,0
20,2
20,3
21,1
21,3
14,326
21,2
21,0
20,1
19,2
19,0
18,1
17,3
17,0
16,9
16,6
16,3
16,1
15,9
15,5
15,3
15,0
14,381
14,378
14,376
14,373
14,370
14,368
14,365
14,362
14,359
14,357
14,354
14,351
14,349
14,346
14,343
14,340
14,338
14,335
14,332
14,330
14,327
14,323
0,270
0,329
0,269
0,334
0,268
0,431
0,267
0,483
0,266
0,342
0,265
0,506
0,264
0,481
0,263
0,320
0,262
0,388
0,261
0,430
0,260
0,395
0,259
0,345
0,258
0,505
0,257
0,474
0,256
0,490
0,255
0,314
0,254
0,333
0,253
0,495
0,252
0,392
0,251
0,409
0,250
0,391
0,249
0,313
0,248
0,442
0,247
0,326
0,246
0,390
0,245
0,358
0,244
0,401
0,242
0,427
0,241
0,351
0,240
0,426
0,239
0,311
0,238
0,414
0,237
0,310
0,236
0,447
0,235
0,398
0,234
0,325
0,233
0,323
0,232
0,350
0,231
0,421
0,230
0,420
0,229
0,349
0,228
0,413
0,227
0,309
0,226
0,308
0,225
0,419
0,224
0,508
0,223
0,355
0,222
0,408
0,221
0,400
0,220
0,367
0,219
0,425
0,218
0,387
0,217
0,366
0,216
0,440
0,215
0,407
0,214
0,370
0,213
0,438
0,212
0,357
0,211
0,210
0,365
0,209
0,364
0,208
0,363
0,207
0,362
0,206
0,369
0,205
0,356
0,204
0,203
0,436
0,202
0,328
0,201
0,359
0,200
0,361
0,199
0,198
0,360
0,197
0,318
0,196
0,340
0,195
0,446
0,194
0,444
0,193
0,339
0,192
0,344
0,63
0,341
0,62
0,354
0,61
0,337
0,60
0,353
0,59
0,417
0,58
0,441
0,57
0,428
0,56
0,399
0,55
0,503
0,54
0,396
0,53
0,348
0,52
0,368
0,51
0,416
0,50
0,402
0,49
0,435
0,48
0,347
0,47
0,352
0,46
0,336
0,45
0,464
0,6
0,5
0,304
0,303
0,306
0,305
0,302
0,12
0,10
0,8
0,11
0,4
0,2
0,3
0,7
